1000
6 7 9
9 13 3
11 10 7
17 17 9
18 10 2
22 10 9
31 9 1
38 11 9
46 15 4
53 13 9
62 11 6
67 17 4
68 12 3
77 16 10
85 9 10
89 11 6
95 14 6
100 1 4
108 14 3
112 3 6
119 17 5
128 10 8
135 14 2
143 6 4
149 11 2
156 7 5
164 14 7
169 19 1
174 9 10
180 3 9
187 8 1
188 14 8
192 8 9
193 5 6
202 6 9
203 6 3
208 15 2
209 17 1
216 12 7
224 7 4
232 7 8
237 17 7
245 7 1
252 12 3
256 11 8
263 5 2
270 1 2
271 2 1
275 6 8
284 10 1
292 11 10
295 10 10
297 13 6
299 19 9
306 7 8
309 13 10
311 8 4
320 10 8
322 3 9
329 15 5
337 9 8
338 18 6
339 11 2
342 3 8
350 1 5
359 16 9
365 6 10
369 10 7
370 1 6
379 17 10
380 6 9
387 13 2
388 9 7
389 14 8
390 6 5
391 11 3
395 14 10
403 6 6
411 3 3
414 14 7
415 14 6
416 12 5
422 11 9
423 11 7
432 11 4
440 8 5
448 17 3
452 10 5
457 13 6
463 10 7
464 6 10
473 7 7
478 15 7
484 10 2
493 11 1
502 7 4
503 10 4
506 13 10
512 3 8
518 13 10
520 9 5
529 14 3
536 16 8
540 3 10
543 4 1
544 5 5
552 11 7
559 17 6
568 9 5
572 12 6
575 9 7
579 18 7
586 12 9
590 9 2
592 6 5
598 10 6
606 11 1
607 17 9
608 10 10
614 5 3
620 3 3
625 9 2
632 11 5
640 8 5
649 13 8
654 14 3
660 5 2
667 15 4
668 17 4
675 10 7
676 8 9
677 14 2
684 7 2
691 3 2
699 15 7
701 7 8
705 8 9
710 7 1
718 10 1
726 13 8
732 10 1
739 16 10
743 10 5
748 18 8
753 8 8
758 14 2
761 2 6
770 10 5
778 15 3
787 15 4
793 11 1
794 10 6
801 4 2
804 10 3
808 15 5
816 11 8
817 12 6
821 5 5
826 15 7
832 11 7
836 10 5
845 11 9
853 13 2
855 15 7
857 12 1
860 5 10
869 18 9
874 10 7
883 7 9
890 4 7
897 14 1
902 6 9
903 10 3
912 12 6
921 3 3
925 13 1
928 17 2
937 17 1
946 7 10
951 5 5
952 12 10
954 8 4
955 11 2
959 16 8
961 6 5
965 9 4
968 11 6
969 17 8
971 5 10
977 12 2
980 1 8
989 18 5
993 9 9
994 10 9
995 9 10
1000 4 5
1004 14 9
1010 3 4
1016 9 6
1018 18 6
1020 9 1
1027 17 5
1032 5 8
1038 14 8
1039 13 4
1040 8 8
1041 6 2
1048 16 8
1057 12 6
1060 6 9
1064 11 9
1067 10 4
1075 7 10
1082 3 7
1089 19 3
1090 9 8
1094 9 8
1099 15 10
1106 11 9
1107 10 2
1114 13 1
1123 9 6
1132 9 4
1139 11 8
1144 12 9
1152 7 7
1158 18 4
1162 8 9
1171 9 4
1179 16 4
1186 11 4
1189 18 5
1196 7 7
1205 13 6
1206 14 1
1212 11 8
1213 6 1
1217 15 1
1220 9 4
1224 13 4
1231 9 9
1235 8 4
1240 9 3
1246 9 7
1250 9 9
1251 8 3
1260 2 3
1267 11 9
1271 10 7
1275 7 5
1283 6 2
1285 7 1
1288 15 8
1296 14 2
1301 8 2
1304 5 4
1306 10 2
1314 13 7
1315 15 3
1323 12 8
1331 7 2
1340 4 8
1343 7 5
1345 13 5
1349 13 4
1354 10 8
1356 14 9
1362 10 7
1363 8 2
1366 14 4
1372 12 5
1379 13 5
1386 7 5
1395 13 9
1398 17 1
1403 6 7
1404 13 10
1412 5 8
1416 15 7
1423 10 2
1429 13 6
1438 10 2
1446 9 1
1448 16 10
1454 12 4
1461 3 9
1469 12 10
1470 6 8
1477 16 10
1481 4 5
1483 6 1
1484 14 8
1488 15 3
1495 9 9
1503 8 6
1511 3 9
1515 12 6
1516 16 1
1522 8 2
1523 9 5
1529 15 3
1534 9 3
1535 13 9
1541 4 5
1546 8 1
1550 6 6
1552 10 10
1553 5 2
1554 11 4
1555 6 3
1560 5 9
1563 8 9
1565 14 3
1566 12 6
1569 11 4
1574 6 7
1581 2 2
1586 7 8
1588 12 3
1595 15 3
1601 3 8
1603 12 2
1611 3 5
1615 8 10
1623 7 8
1629 14 4
1633 7 6
1637 14 8
1638 16 7
1646 9 4
1647 8 9
1651 4 1
1654 8 5
1658 9 1
1661 4 1
1663 10 9
1669 13 10
1678 16 5
1680 1 8
1686 12 1
1691 9 1
1694 14 6
1703 12 2
1706 10 9
1709 16 5
1715 9 8
1721 8 4
1729 18 9
1730 3 10
1737 13 9
1745 13 10
1750 4 1
1754 13 10
1755 7 1
1762 3 2
1765 11 9
1770 7 3
1777 13 3
1779 14 1
1781 5 10
1783 6 8
1792 12 4
1800 3 4
1803 4 7
1811 3 6
1819 19 1
1825 8 4
1827 10 4
1828 9 3
1830 3 6
1837 16 7
1841 10 2
1846 15 6
1852 4 8
1858 18 5
1866 10 6
1870 1 2
1875 8 4
1880 2 10
1881 5 8
1886 12 8
1893 7 1
1895 15 8
1903 9 7
1912 6 8
1919 18 9
1928 11 9
1930 4 10
1933 12 5
1938 18 5
1947 15 5
1953 13 10
1961 2 3
1965 13 4
1969 12 4
1976 11 6
1984 5 7
1990 7 5
1992 12 6
1995 6 1
2003 13 2
2004 8 2
2010 2 1
2015 11 8
2024 10 2
2026 12 5
2030 1 9
2037 15 10
2045 14 10
2052 5 2
2056 7 7
2063 5 6
2072 10 5
2078 16 6
2082 10 8
2088 14 3
2090 2 4
2094 6 1
2103 10 1
2109 19 6
2116 13 3
2120 3 5
2126 9 4
2132 4 7
2141 5 4
2144 11 3
2150 3 6
2154 14 4
2156 13 1
2163 4 4
2171 11 5
2172 6 10
2180 8 7
2184 12 10
2186 14 5
2188 9 7
2196 9 5
2204 12 2
2206 9 9
2209 12 7
2217 15 6
2220 9 3
2225 13 5
2227 10 9
2230 5 2
2232 9 6
2237 16 9
2244 10 8
2252 4 8
2253 5 8
2262 4 6
2268 14 7
2274 11 5
2277 9 7
2285 15 6
2289 13 1
2293 9 7
2300 4 2
2309 14 10
2318 14 5
2319 10 7
2320 4 3
2324 5 9
2332 5 2
2340 2 4
2348 16 4
2357 16 3
2359 13 1
2363 9 8
2372 7 8
2374 14 1
2379 16 5
2380 7 4
2383 13 9
2385 8 1
2393 7 1
2401 8 7
2410 4 7
2415 15 3
2423 12 4
2429 10 1
2436 15 5
2442 8 8
2444 11 1
2453 4 10
2456 16 5
2460 6 5
2469 15 2
2474 10 2
2477 17 9
2484 14 5
2488 17 2
2491 2 7
2495 15 7
2504 10 5
2509 14 5
2515 14 10
2521 6 5
2528 17 7
2536 15 7
2537 10 3
2541 2 4
2542 4 1
2548 14 2
2555 14 4
2564 10 1
2569 18 7
2578 9 8
2586 7 2
2594 10 4
2603 5 5
2605 10 6
2612 4 5
2616 15 5
2622 12 9
2626 16 2
2627 10 6
2633 8 1
2636 8 2
2645 13 2
2654 10 10
2659 18 4
2664 9 6
2667 15 1
2670 8 8
2673 7 2
2682 9 8
2685 11 3
2688 12 1
2694 9 5
2699 19 2
2708 13 6
2715 14 8
2720 3 3
2727 15 8
2732 5 2
2738 9 10
2739 18 4
2743 6 10
2746 8 6
2753 11 6
2759 14 6
2764 6 3
2770 7 7
2771 11 7
2772 8 10
2780 1 5
2781 10 4
2782 6 1
2788 16 6
2797 8 6
2799 10 10
2808 11 6
2812 10 9
2817 11 8
2825 15 7
2826 7 2
2828 17 6
2836 14 4
2839 18 6
2844 6 2
2847 14 7
2848 9 1
2856 9 5
2862 7 7
2866 14 2
2869 17 6
2870 1 1
2871 5 10
2877 13 1
2879 13 9
2885 13 5
2891 5 3
2899 12 3
2901 6 6
2907 16 7
2914 13 1
2922 9 8
2928 13 10
2932 11 3
2934 10 9
2936 11 5
2942 11 8
2947 15 5
2951 4 1
2954 14 1
2960 9 5
2965 7 10
2969 14 8
2973 7 7
2975 9 1
2978 12 4
2984 8 5
2985 12 7
2988 9 8
2990 5 8
2995 11 4
3004 10 10
3007 10 1
3012 5 1
3020 6 3
3027 9 3
3035 15 4
3040 1 3
3048 16 7
3057 9 8
3061 11 6
3067 13 1
3076 13 7
3084 7 7
3093 8 8
3094 5 9
3101 2 4
3108 12 3
3109 12 9
3112 8 4
3118 14 7
3122 5 6
3126 14 9
3130 10 4
3133 9 9
3141 10 1
3145 11 8
3150 5 5
3159 17 9
3162 7 5
3165 15 4
3173 11 7
3181 7 8
3182 10 8
3184 8 3
3185 15 10
3186 14 10
3194 11 3
3201 7 4
3205 9 9
3208 12 2
3212 8 3
3214 9 10
3215 7 5
3219 10 1
3220 8 9
3229 10 2
3236 13 5
3244 12 1
3246 8 4
3248 10 10
3256 13 5
3262 5 8
3267 17 2
3273 8 8
3281 11 9
3284 11 3
3289 19 7
3291 10 9
3300 9 2
3303 8 1
3307 17 1
3309 15 7
3314 13 7
3316 8 8
3324 5 6
3332 7 5
3336 9 10
3343 9 6
3349 12 10
3356 9 5
3359 16 7
3362 12 7
3370 10 5
3374 14 2
3379 14 7
3386 12 9
3390 3 6
3395 15 8
3399 10 10
3402 11 7
3408 9 4
3409 10 4
3418 12 6
3419 12 2
3420 6 1
3426 15 3
3428 13 2
3436 9 7
3437 12 1
3442 5 6
3443 10 7
3446 9 3
3454 8 6
3459 13 3
3464 5 10
3470 10 7
3474 10 8
3476 12 7
3479 14 5
3487 8 6
3490 10 10
3496 9 8
3502 6 5
3504 11 9
3508 18 7
3511 5 5
3515 14 5
3521 11 2
3522 12 10
3525 8 6
3533 8 6
3534 8 7
3543 12 9
3552 11 8
3558 11 6
3560 2 2
3568 9 4
3573 6 6
3582 3 1
3585 15 5
3593 7 1
3598 18 4
3600 10 2
3605 7 2
3613 9 9
3621 4 3
3627 16 10
3628 11 2
3633 4 8
3641 4 7
3645 7 7
3653 8 6
3662 10 9
3663 13 1
3665 8 10
3668 9 1
3676 13 10
3677 10 2
3678 13 5
3681 7 2
3683 4 6
3685 13 7
3687 11 2
3690 9 8
3696 14 5
3702 9 3
3705 13 8
3712 8 9
3718 9 2
3723 13 1
3731 10 4
3738 11 2
3739 15 7
3748 16 3
3749 12 1
3758 11 6
3759 17 8
3765 14 7
3771 9 9
3779 12 10
3786 10 6
3793 11 5
3798 17 2
3801 11 5
3804 6 9
3812 5 6
3813 7 2
3820 5 4
3824 6 8
3825 12 10
3834 7 7
3843 8 1
3851 3 5
3856 14 8
3864 7 7
3865 8 9
3870 4 1
3879 11 4
3880 4 10
3889 10 5
3896 11 9
3902 11 8
3906 16 4
3908 14 7
3917 16 9
3918 10 2
3919 18 9
3928 14 5
3935 10 4
3939 15 1
3941 5 5
3947 13 5
3949 18 6
3953 8 5
3960 8 9
3962 6 3
3969 16 3
3976 8 7
3978 12 6
3985 11 6
3990 9 4
3998 13 3
3999 11 9
4006 13 4
4009 12 8
4012 11 6
4013 7 1
4021 10 1
4022 9 9
4023 7 4
4025 12 6
4027 15 4
4035 8 1
4042 8 10
4044 7 1
4053 6 2
4059 17 5
4060 5 2
4066 10 6
4074 14 10
4080 2 5
4088 15 1
4091 7 7
4096 11 10
4105 11 5
4107 15 10
4108 12 1
4112 9 8
4117 15 6
4123 11 9
4132 5 7
4140 10 6
4146 15 8
4147 10 3
4150 9 6
4153 8 1
4156 15 9
4165 13 6
4170 6 9
4171 11 3
4173 10 10
4180 6 10
4183 11 5
4189 18 2
4190 9 10
4195 12 1
4200 4 9
4208 13 9
4211 10 10
4212 3 6
4213 11 8
4220 9 5
4229 14 1
4237 16 1
4244 7 10
4246 7 10
4252 5 3
4255 15 6
4264 7 1
4268 12 5
4274 11 3
4275 8 2
4282 11 5
4288 18 5
4295 11 6
4302 7 8
4305 8 9
4307 15 9
4314 14 6
4320 4 1
4325 8 1
4332 12 9
4333 10 1
4339 17 4
4344 12 9
4352 8 7
4359 17 8
4360 9 6
4365 8 8
4372 10 4
4374 13 10
4381 10 8
4384 6 8
4392 7 2
4400 5 8
4409 18 5
4413 4 7
4415 14 6
4420 4 3
4428 12 6
4437 11 7
4439 12 8
4446 16 7
4450 8 10
4455 10 4
4457 16 2
4466 16 8
4473 11 1
4480 8 9
4487 8 2
4489 10 9
4496 7 3
4497 15 6
4498 17 9
4500 4 5
4504 8 3
4507 12 6
4512 4 1
4521 3 8
4529 19 9
4538 17 6
4539 13 10
4541 7 2
4545 12 5
4552 10 9
4561 9 5
4567 17 2
4574 9 6
4575 11 1
4579 11 5
4580 5 6
4584 8 9
4587 15 7
4593 10 8
4598 12 8
4601 2 6
4602 12 5
4603 13 10
4612 10 7
4617 16 4
4618 14 8
4623 10 2
4632 5 5
4634 10 1
4635 11 4
4644 6 4
4649 17 1
4656 12 7
4664 8 8
4671 7 8
4676 16 8
4683 4 10
4684 8 4
4686 13 7
4691 4 4
4696 11 5
4697 9 8
4703 6 5
4708 18 9
4717 16 7
4724 6 3
4725 13 6
4727 16 7
4729 15 7
4732 7 9
4736 10 1
4739 16 6
4745 11 5
4746 11 10
4753 11 4
4754 12 4
4762 7 1
4770 2 4
4779 11 1
4783 8 2
4785 13 2
4791 4 8
4798 14 9
4800 9 9
4802 5 2
4806 13 5
4813 10 8
4818 17 9
4820 7 8
4823 8 8
4828 16 7
4833 12 3
4842 10 2
4848 17 1
4855 14 4
4857 17 2
4861 6 6
4862 5 6
4866 9 5
4868 11 10
4875 9 8
4881 2 3
4886 13 2
4888 17 10
4889 16 6
4898 13 9
4902 6 6
4903 8 4
4904 7 1
4909 17 3
4916 16 2
4925 14 2
4931 6 9
4939 11 7
4943 9 8
4944 9 1
4946 16 3
4954 9 2
